
>
>MDF 1 1 0 0 0
>
>MKO 1 2 7 6 3 4 0 8
>MKS 4 11 14 3 0 12 13 4 11 5 0 3 1
>MKI 1 0 0 1 0 1 1 1 0 1 0 1 0
>MKA 1 2
>
>FP 50 10000 100000 100000 0.05 0.05
>TFP 50 400 50 400 400 30 30
>
>MDP 0
>DP 0.8 -1 5000
>KP 10 15 0
>LP 0.2 0.2 5000 150 200
>
>
>DF -1 -1 0 0
>KFP 5 2 0
>KFPL 5 2 0
>LFP 200 8000 30000 400000 0
>LFPL?
>
>FPM 40 3600 120 7200 450 30000 1150
>FPML 40 3600 120 7200 450 30000
>
>FPD 300 200 400 800 1000
>FPDL 200 400 800 1000
>
>TFP 50 400 50 400 400 30 30
>TFPL 50 400 50 400 400 30 30
>
>DD 0.2 -1 100000
>KDP 10 5 0
>LDP 0.2 0.2 16000 6000
>PARP 0 12
>
>CLV 200 100 2.25993 500 500 300 250 350
>CLVL 200 120 3.30709 500 500 300 10
>IOCH 8 4 0
>DIO 03BC 0000 0000
>PART 2000 500 5000 800 700 300 300
>KA 0.5 0.5 4000
>CTRL 1 2000 0 3 0 35
>
>TPN?
>DTP?
>TTN?
>DTT?
>NA 1.6 120
>NO 0 -40
>
>
>MVT 30000 1000
>FLCH 0 0 0.195 20 15
>
>CM1 9600 8 0 1
>CM2 9600 8 0 1
>CM3 9600 8 0 1
>CM4 115200 8 0 1
>CP 0 1 0
>
>TRTU 20 20 20
>SCT 10 10 10
>SCANP 1 30 25 1
>
>MOD  nienie iono,eniieucoeoa SCAN (SCANP)

>DRV
Iiia?   Eiy       status  port addr CRC_flag pool,ms timeout,ms
 1      WDOG/1      1      1     0     1       400       2
 2       MVD/1      1      2     1     1       400     200
 3        7044      1      1     5     1       500     100
 4       I7041      1      1     9     1       400     100
 5       7017C      1      1     2     1       400     100
 6       TSD/1      0      3     1     1       500     100
 7     DeltC/1      1      2     2     1       600     100
 8         OFP      1      2    20     1       600     100
 9      MMIFCT      1      1     0     1       250     200
>
>DLT 0011 5000 100 100 0000 0
>DLTN 3000 20 20
>
>MDI 0
>DI 130 0 0
>KIP 1000 100 0
>LIP 30 30 5000 1500
>
>SLV 4 1 20000 20 10
>
>CMS 19200 8 0 1
>
>FLS 0 0
>
>VNN 23 1 9
>TSD 1 2 2 50
>
>NS 10 1 4 9 11 5 494 0
>IO 0000 0000
>D     0.0    0.00    0.00==  0 0 0
>ZP 9 0
>
>ADC 0 0 0 0 0 0 0 0
>ADCL 2000 2000 2000 2000 2000 2000 2000 2000
>
>